
> library("mvtnorm")

> chk <- function(...) stopifnot(isTRUE(all.equal(...)))

> set.seed(290875)

> N <- 4

> J <- 5

> rn <- paste0("C_", 1:N)

> nm <- LETTERS[1:J]

> Jn <- J * (J - 1)/2

> xn <- matrix(runif(N * Jn), nrow = N, byrow = TRUE)

> rownames(xn) <- rn

> xd <- matrix(runif(N * (Jn + J)), nrow = N, byrow = TRUE)

> rownames(xd) <- rn

> (lxn <- ltMatrices(xn, byrow = TRUE, names = nm))
, , C_1

           A         B          C         D E
A 1.00000000 0.0000000 0.00000000 0.0000000 0
B 0.51236601 1.0000000 0.00000000 0.0000000 0
C 0.05847253 0.9095137 1.00000000 0.0000000 0
D 0.39448719 0.6612143 0.23352591 1.0000000 0
E 0.51647518 0.2979867 0.07517749 0.8182123 1

, , C_2

          A         B         C        D E
A 1.0000000 0.0000000 0.0000000 0.000000 0
B 0.8590665 1.0000000 0.0000000 0.000000 0
C 0.3744315 0.1022684 1.0000000 0.000000 0
D 0.1165248 0.7956529 0.8930589 1.000000 0
E 0.1948049 0.4730419 0.2377852 0.214606 1

, , C_3

          A         B         C         D E
A 1.0000000 0.0000000 0.0000000 0.0000000 0
B 0.4530153 1.0000000 0.0000000 0.0000000 0
C 0.9045608 0.9269936 1.0000000 0.0000000 0
D 0.4490011 0.1326375 0.4153967 1.0000000 0
E 0.9574833 0.4917481 0.7160702 0.2938002 1

, , C_4

             A         B           C         D E
A 1.0000000000 0.0000000 0.000000000 0.0000000 0
B 0.4877241328 1.0000000 0.000000000 0.0000000 0
C 0.0593045885 0.7625270 1.000000000 0.0000000 0
D 0.0005227393 0.1995700 0.470508903 1.0000000 0
E 0.4913541358 0.2849431 0.005961103 0.8901458 1


> dim(lxn)
[1] 4 5 5

> dimnames(lxn)
[[1]]
[1] "C_1" "C_2" "C_3" "C_4"

[[2]]
[1] "A" "B" "C" "D" "E"

[[3]]
[1] "A" "B" "C" "D" "E"


> lxd <- ltMatrices(xd, byrow = TRUE, diag = TRUE, names = nm)

> dim(lxd)
[1] 4 5 5

> dimnames(lxd)
[[1]]
[1] "C_1" "C_2" "C_3" "C_4"

[[2]]
[1] "A" "B" "C" "D" "E"

[[3]]
[1] "A" "B" "C" "D" "E"


> class(lxn) <- "syMatrices"

> lxn
, , C_1

           A         B          C         D          E
A 1.00000000 0.5123660 0.05847253 0.3944872 0.51647518
B 0.51236601 1.0000000 0.90951367 0.6612143 0.29798667
C 0.05847253 0.9095137 1.00000000 0.2335259 0.07517749
D 0.39448719 0.6612143 0.23352591 1.0000000 0.81821229
E 0.51647518 0.2979867 0.07517749 0.8182123 1.00000000

, , C_2

          A         B         C         D         E
A 1.0000000 0.8590665 0.3744315 0.1165248 0.1948049
B 0.8590665 1.0000000 0.1022684 0.7956529 0.4730419
C 0.3744315 0.1022684 1.0000000 0.8930589 0.2377852
D 0.1165248 0.7956529 0.8930589 1.0000000 0.2146060
E 0.1948049 0.4730419 0.2377852 0.2146060 1.0000000

, , C_3

          A         B         C         D         E
A 1.0000000 0.4530153 0.9045608 0.4490011 0.9574833
B 0.4530153 1.0000000 0.9269936 0.1326375 0.4917481
C 0.9045608 0.9269936 1.0000000 0.4153967 0.7160702
D 0.4490011 0.1326375 0.4153967 1.0000000 0.2938002
E 0.9574833 0.4917481 0.7160702 0.2938002 1.0000000

, , C_4

             A         B           C            D           E
A 1.0000000000 0.4877241 0.059304588 0.0005227393 0.491354136
B 0.4877241328 1.0000000 0.762527028 0.1995699527 0.284943077
C 0.0593045885 0.7625270 1.000000000 0.4705089033 0.005961103
D 0.0005227393 0.1995700 0.470508903 1.0000000000 0.890145786
E 0.4913541358 0.2849431 0.005961103 0.8901457863 1.000000000


> a <- as.array(ltMatrices(xn, byrow = TRUE))

> b <- as.array(ltMatrices(ltMatrices(xn, byrow = TRUE), 
+     byrow = FALSE))

> chk(a, b)

> a <- as.array(ltMatrices(xn, byrow = FALSE))

> b <- as.array(ltMatrices(ltMatrices(xn, byrow = FALSE), 
+     byrow = TRUE))

> chk(a, b)

> a <- as.array(ltMatrices(xd, byrow = TRUE, diag = TRUE))

> b <- as.array(ltMatrices(ltMatrices(xd, byrow = TRUE, 
+     diag = TRUE), byrow = FALSE))

> chk(a, b)

> a <- as.array(ltMatrices(xd, byrow = FALSE, diag = TRUE))

> b <- as.array(ltMatrices(ltMatrices(xd, byrow = FALSE, 
+     diag = TRUE), byrow = TRUE))

> chk(a, b)

> a <- as.array(ltMatrices(t(xn), trans = TRUE))

> b <- as.array(ltMatrices(ltMatrices(t(xn), trans = TRUE), 
+     trans = FALSE))

> chk(a, b)

> a <- as.array(ltMatrices(xn, trans = FALSE))

> b <- as.array(ltMatrices(ltMatrices(xn, trans = FALSE), 
+     trans = TRUE))

> chk(a, b)

> a <- as.array(ltMatrices(t(xd), trans = TRUE, diag = TRUE))

> b <- as.array(ltMatrices(ltMatrices(t(xd), trans = TRUE, 
+     diag = TRUE), trans = FALSE))

> chk(a, b)

> a <- as.array(ltMatrices(xd, trans = FALSE, diag = TRUE))

> b <- as.array(ltMatrices(ltMatrices(xd, trans = FALSE, 
+     diag = TRUE), trans = TRUE))

> chk(a, b)

> a <- as.array(ltMatrices(xn, byrow = FALSE)[1:2, 2:4])

> b <- as.array(ltMatrices(xn, byrow = FALSE))[2:4, 
+     2:4, 1:2]

> chk(a, b)

> a <- as.array(ltMatrices(xn, byrow = TRUE)[1:2, 2:4])

> b <- as.array(ltMatrices(xn, byrow = TRUE))[2:4, 2:4, 
+     1:2]

> chk(a, b)

> a <- as.array(ltMatrices(xd, byrow = FALSE, diag = TRUE)[1:2, 
+     2:4])

> b <- as.array(ltMatrices(xd, byrow = FALSE, diag = TRUE))[2:4, 
+     2:4, 1:2]

> chk(a, b)

> a <- as.array(ltMatrices(xd, byrow = TRUE, diag = TRUE)[1:2, 
+     2:4])

> b <- as.array(ltMatrices(xd, byrow = TRUE, diag = TRUE))[2:4, 
+     2:4, 1:2]

> chk(a, b)

> a <- as.array(ltMatrices(t(xn), byrow = FALSE, trans = TRUE)[1:2, 
+     2:4])

> b <- as.array(ltMatrices(t(xn), byrow = FALSE, trans = TRUE))[2:4, 
+     2:4, 1:2]

> chk(a, b)

> a <- as.array(ltMatrices(t(xn), byrow = TRUE, trans = TRUE)[1:2, 
+     2:4])

> b <- as.array(ltMatrices(t(xn), byrow = TRUE, trans = TRUE))[2:4, 
+     2:4, 1:2]

> chk(a, b)

> a <- as.array(ltMatrices(t(xd), byrow = FALSE, diag = TRUE, 
+     trans = TRUE)[1:2, 2:4])

> b <- as.array(ltMatrices(t(xd), byrow = FALSE, diag = TRUE, 
+     trans = TRUE))[2:4, 2:4, 1:2]

> chk(a, b)

> a <- as.array(ltMatrices(t(xd), byrow = TRUE, diag = TRUE, 
+     trans = TRUE)[1:2, 2:4])

> b <- as.array(ltMatrices(t(xd), byrow = TRUE, diag = TRUE, 
+     trans = TRUE))[2:4, 2:4, 1:2]

> chk(a, b)

> all(diagonals(ltMatrices(xn, byrow = TRUE)) == 1)
[1] TRUE

> lxn <- ltMatrices(xn, byrow = TRUE)

> lxd <- ltMatrices(xd, byrow = TRUE, diag = TRUE)

> y <- matrix(runif(N * J), nrow = J)

> a <- Mult(lxn, y)

> A <- as.array(lxn)

> b <- do.call("rbind", lapply(1:ncol(y), function(i) t(A[, 
+     , i] %*% y[, i, drop = FALSE])))

> chk(a, t(b), check.attributes = FALSE)

> a <- Mult(lxd, y)

> A <- as.array(lxd)

> b <- do.call("rbind", lapply(1:ncol(y), function(i) t(A[, 
+     , i] %*% y[, i, drop = FALSE])))

> chk(a, t(b), check.attributes = FALSE)

> chk(Mult(lxn[rep(1, N), ], y), Mult(lxn[1, ], y), 
+     check.attributes = FALSE)

> chk(Mult(lxn, y[, 1]), Mult(lxn, y[, rep(1, N)]))

> i <- sample(1:N)[1]

> M <- t(as.array(lxn)[, , i])

> a <- sapply(1:J, function(j) Mult(lxn[i, ], M[, j, 
+     drop = FALSE]))

> rownames(a) <- colnames(a) <- dimnames(lxn)[[2]]

> b <- as.array(Tcrossprod(lxn[i, ]))[, , 1]

> chk(a, b, check.attributes = FALSE)

> A <- as.array(lxn)

> a <- solve(lxn)

> a <- as.array(a)

> b <- array(apply(A, 3, function(x) solve(x), simplify = TRUE), 
+     dim = rev(dim(lxn)))

> chk(a, b, check.attributes = FALSE)

> A <- as.array(lxd)

> a <- as.array(solve(lxd))

> b <- array(apply(A, 3, function(x) solve(x), simplify = TRUE), 
+     dim = rev(dim(lxd)))

> chk(a, b, check.attributes = FALSE)

> chk(solve(lxn, y), Mult(solve(lxn), y))

> chk(solve(lxd, y), Mult(solve(lxd), y))

> chk(solve(lxn[1, ], y), as.array(solve(lxn[1, ]))[, 
+     , 1] %*% y)

> chk(solve(lxn[rep(1, N), ], y), solve(lxn[1, ], y), 
+     check.attributes = FALSE)

> chk(solve(lxn, y[, 1]), solve(lxn, y[, rep(1, N)]))

> a <- as.array(Tcrossprod(lxn))

> b <- array(apply(as.array(lxn), 3, function(x) tcrossprod(x), 
+     simplify = TRUE), dim = rev(dim(lxn)))

> chk(a, b, check.attributes = FALSE)

> d <- Tcrossprod(lxn, diag_only = TRUE)

> chk(d, apply(a, 3, diag))

> chk(d, diagonals(Tcrossprod(lxn)))

> a <- as.array(Tcrossprod(lxd))

> b <- array(apply(as.array(lxd), 3, function(x) tcrossprod(x), 
+     simplify = TRUE), dim = rev(dim(lxd)))

> chk(a, b, check.attributes = FALSE)

> d <- Tcrossprod(lxd, diag_only = TRUE)

> chk(d, apply(a, 3, diag))

> chk(d, diagonals(Tcrossprod(lxd)))

> N <- 1000

> J <- 50

> lt <- ltMatrices(matrix(runif(N * J * (J + 1)/2) + 
+     1, ncol = N), diag = TRUE, byrow = FALSE, trans = TRUE)

> Z <- matrix(rnorm(N * J), ncol = N)

> Y <- solve(lt, Z)

> ll1 <- sum(dnorm(Mult(lt, Y), log = TRUE)) + sum(log(diagonals(lt)))

> S <- as.array(Tcrossprod(solve(lt)))

> ll2 <- sum(sapply(1:N, function(i) dmvnorm(x = Y[, 
+     i], sigma = S[, , i], log = TRUE)))

> chk(ll1, ll2)

> library("mvtnorm")

> lmvnormR <- function(lower, upper, mean = 0, chol, 
+     logLik = TRUE, ...) {
+     stopifnot(isTRUE(all.equal(dim(lower), dim(upper))))
+     sto .... [TRUNCATED] 

> J <- 5

> N <- 10

> x <- matrix(runif(N * J * (J + 1)/2), ncol = N)

> lx <- ltMatrices(x, byrow = TRUE, trans = TRUE, diag = TRUE)

> a <- matrix(runif(N * J), nrow = J) - 2

> a[sample(J * N)[1:2]] <- -Inf

> b <- a + 2 + matrix(runif(N * J), nrow = J)

> b[sample(J * N)[1:2]] <- Inf

> (phat <- c(lmvnormR(a, b, chol = lx, logLik = FALSE)))
 [1] 0.0000000 0.4162879 0.3521673 0.5471083 0.4547582 0.3340351 0.3177301
 [8] 0.4333427 0.0000000 0.6454150

> phat
 [1] 0.0000000 0.4162879 0.3521673 0.5471083 0.4547582 0.3340351 0.3177301
 [8] 0.4333427 0.0000000 0.6454150

> exp(lmvnorm(a, b, chol = lx, M = 25000, logLik = FALSE))
 [1] 8.881784e-21 4.165599e-01 3.517157e-01 5.484527e-01 4.579683e-01
 [6] 3.338785e-01 3.175085e-01 4.320235e-01 8.881784e-21 6.446996e-01

> M <- 10000

> if (require("qrng")) {
+     W <- t(ghalton(M * N, d = J - 1))
+ } else {
+     W <- matrix(runif(M * N * (J - 1)), ncol = M)
+ }
Loading required package: qrng

> pGB <- lmvnormR(a, b, chol = lx, logLik = FALSE, algorithm = GenzBretz(maxpts = M, 
+     abseps = 0, releps = 0))

> pGq <- exp(lmvnorm(a, b, chol = lx, w = W, M = M, 
+     logLik = FALSE))

> pG <- exp(lmvnorm(a, b, chol = lx, w = NULL, M = M, 
+     logLik = FALSE))

> cbind(pGB, pGq, pG)
            pGB          pGq           pG
 [1,] 0.0000000 2.220446e-20 2.220446e-20
 [2,] 0.4158659 4.161850e-01 4.175429e-01
 [3,] 0.3521608 3.522747e-01 3.496669e-01
 [4,] 0.5471066 5.469193e-01 5.463807e-01
 [5,] 0.4547440 4.542588e-01 4.514272e-01
 [6,] 0.3340226 3.340142e-01 3.371710e-01
 [7,] 0.3178954 3.181030e-01 3.176735e-01
 [8,] 0.4336162 4.339193e-01 4.328999e-01
 [9,] 0.0000000 2.220446e-20 2.220446e-20
[10,] 0.6456894 6.452487e-01 6.516807e-01

> pGB <- lmvnormR(a[1, , drop = FALSE], b[1, , drop = FALSE], 
+     chol = lx[, 1], logLik = FALSE, algorithm = GenzBretz(maxpts = M, 
+         abse .... [TRUNCATED] 

> pGq <- exp(lmvnorm(a[1, , drop = FALSE], b[1, , drop = FALSE], 
+     chol = lx[, 1], logLik = FALSE))

> ptr <- pnorm(b[1, ]/c(unclass(lx[, 1]))) - pnorm(a[1, 
+     ]/c(unclass(lx[, 1])))

> cbind(c(ptr), pGB, pGq)
                      pGB       pGq
 [1,] 0.9810344 0.9810344 0.9810332
 [2,] 0.9459425 0.9459425 0.9459399
 [3,] 0.9060151 0.9060151 0.9060118
 [4,] 0.9993789 0.9993789 0.9993786
 [5,] 0.9957268 0.9957268 0.9957234
 [6,] 1.0000000 1.0000000 1.0000000
 [7,] 1.0000000 1.0000000 1.0000000
 [8,] 0.9995482 0.9995482 0.9995489
 [9,] 0.9616381 0.9616381 0.9616342
[10,] 0.9981752 0.9981752 0.9981778

> J <- 5

> N <- 4

> S <- crossprod(matrix(runif(J^2), nrow = J))

> prm <- t(chol(S))[lower.tri(S, diag = TRUE)]

> x <- matrix(prm, ncol = 1)

> lx <- ltMatrices(x, byrow = TRUE, trans = TRUE, diag = TRUE)

> a <- matrix(runif(N * J), nrow = J) - 2

> b <- a + 4

> a[2, ] <- -Inf

> b[3, ] <- Inf

> M <- 10000

> W <- matrix(runif(M * (J - 1)), ncol = M)

> lli <- c(lmvnorm(a, b, chol = lx, w = W, M = M, logLik = FALSE))

> p <- unclass(lx)

> fc <- function(prm, i) {
+     L <- ltMatrices(matrix(prm, ncol = 1), byrow = TRUE, trans = TRUE, 
+         diag = TRUE)
+     lmvnorm(a, b, chol = .... [TRUNCATED] 

> S <- smvnorm(a, b, chol = lx, w = W, M = M)

> chk(lli, S$logLik)

> if (require("numDeriv")) print(max(abs(grad(fc, p) - 
+     rowSums(S$score))))
Loading required package: numDeriv
[1] 2.727474e-05

> ptr <- pnorm(b[1, ]/c(unclass(lx[, 1]))) - pnorm(a[1, 
+     ]/c(unclass(lx[, 1])))

> log(ptr)
[1] -0.2141154 -0.2845142 -0.2402656 -0.1895693

> lmvnorm(a[1, , drop = FALSE], b[1, , drop = FALSE], 
+     chol = lx[, 1], logLik = FALSE)
[1] -0.2141157 -0.2845153 -0.2402662 -0.1895694

> smvnorm(a[1, , drop = FALSE], b[1, , drop = FALSE], 
+     chol = lx[, 1], logLik = TRUE)
$logLik
[1] -0.2141157 -0.2845153 -0.2402662 -0.1895694

$score
           [,1]       [,2]       [,3]       [,4]
[1,] -0.3408569 -0.3072849 -0.3289471 -0.3513925


> sd1 <- c(unclass(lx[, 1]))

> (dnorm(b[1, ]/sd1) * b[1, ] - dnorm(a[1, ]/sd1) * 
+     a[1, ]) * (-1)/sd1^2/ptr
[1] -0.3408568 -0.3072846 -0.3289469 -0.3513924

> J <- 4

> R <- diag(J)

> R[1, 2] <- R[2, 1] <- 0.25

> R[1, 3] <- R[3, 1] <- 0.5

> R[2, 4] <- R[4, 2] <- 0.75

> (Sigma <- diag(sqrt(1:J/2)) %*% R %*% diag(sqrt(1:J/2)))
          [,1]      [,2]      [,3]    [,4]
[1,] 0.5000000 0.1767767 0.4330127 0.00000
[2,] 0.1767767 1.0000000 0.0000000 1.06066
[3,] 0.4330127 0.0000000 1.5000000 0.00000
[4,] 0.0000000 1.0606602 0.0000000 2.00000

> (C <- t(chol(Sigma)))
          [,1]       [,2]      [,3]      [,4]
[1,] 0.7071068  0.0000000 0.0000000 0.0000000
[2,] 0.2500000  0.9682458 0.0000000 0.0000000
[3,] 0.6123724 -0.1581139 1.0488088 0.0000000
[4,] 0.0000000  1.0954451 0.1651446 0.8790491

> prm <- C[lower.tri(C, diag = TRUE)]

> lt <- ltMatrices(matrix(prm, ncol = 1), diag = TRUE, 
+     byrow = FALSE, trans = TRUE)

> lt <- ltMatrices(lt, byrow = TRUE, trans = TRUE)

> chk(C, as.array(lt)[, , 1], check.attributes = FALSE)

> chk(Sigma, as.array(Tcrossprod(lt))[, , 1], check.attributes = FALSE)

> N <- 100

> Z <- matrix(rnorm(N * J), nrow = J)

> Y <- Mult(lt, Z)

> Y <- Y - rowMeans(Y)

> prb <- 1:9/10

> ct <- sapply(sqrt(diag(Sigma)), function(s) qnorm(prb, 
+     sd = s))

> lwr <- upr <- Y

> for (j in 1:J) {
+     f <- cut(Y[j, ], breaks = c(-Inf, ct[, j], Inf))
+     lwr[j, ] <- c(-Inf, ct[, j])[f]
+     upr[j, ] <- c(ct[, j], Inf)[f]
+ .... [TRUNCATED] 

> (Shat <- var(t(Y)))
            1          2         3          4
1  0.35390736 0.03987501 0.2731067 -0.1012558
2  0.03987501 1.10150397 0.1410296  1.3737381
3  0.27310666 0.14102960 1.2735470  0.1691507
4 -0.10125581 1.37373806 0.1691507  2.5220243

> M <- floor(exp(0:25/10) * 1000)

> lGB <- sapply(M, function(m) {
+     st <- system.time(ret <- lmvnormR(lwr, upr, chol = lt, algorithm = GenzBretz(maxpts = m, 
+         abseps = 0, .... [TRUNCATED] 

> lH <- sapply(M, function(m) {
+     W <- NULL
+     if (require("qrng")) 
+         W <- t(ghalton(m * N, d = J - 1))
+     st <- system.time(ret <- .... [TRUNCATED] 

> layout(matrix(1:2, nrow = 1))

> plot(M, lGB["ll", ], ylim = range(c(lGB["ll", ], lH["ll", 
+     ])), ylab = "Log-likelihood")

> points(M, lH["ll", ], pch = 4)

> plot(M, lGB["user.self", ], ylim = c(0, max(lGB["user.self", 
+     ])), ylab = "Time (in sec)")

> points(M, lH["user.self", ], pch = 4)

> legend("bottomright", legend = c("pmvnorm", "lmvnorm"), 
+     pch = c(1, 4), bty = "n")

> M <- 500

> if (require("qrng")) {
+     W <- t(ghalton(M * N, d = J - 1))
+ } else {
+     W <- matrix(runif(M * N * (J - 1)), ncol = M)
+ }

> ll <- function(parm) {
+     C <- matrix(c(parm), ncol = 1)
+     C <- ltMatrices(C, diag = TRUE, byrow = TRUE, trans = TRUE)
+     -lmvnorm(lower = .... [TRUNCATED] 

> ll(unclass(lt))
[1] 865.7474

> lmvnormR(lwr, upr, chol = lt, algorithm = GenzBretz(maxpts = M, 
+     abseps = 0, releps = 0))
[1] -865.7416

> (llprm <- lmvnorm(lwr, upr, chol = lt, w = W, M = M))
[1] -865.7474

> chk(llprm, sum(lmvnorm(lwr, upr, chol = lt, w = W, 
+     M = M, logLik = FALSE)))

> sc <- function(parm) {
+     C <- matrix(c(parm), ncol = 1)
+     C <- ltMatrices(C, diag = TRUE, byrow = TRUE, trans = TRUE)
+     ret <- smvnorm(l .... [TRUNCATED] 

> llim <- rep(-Inf, J * (J + 1)/2)

> llim[cumsum(c(1, 2:J))] <- 1e-04

> op <- optim(lt, fn = ll, gr = sc, method = "L-BFGS-B", 
+     lower = llim, control = list(trace = TRUE))
iter   10 value 855.973225
final  value 855.972945 
converged

> op$value
[1] 855.9729

> ll(lt)
[1] 865.7474

> op$par
, , 1

            1         2          3         4
1  0.58556337 0.0000000 0.00000000 0.0000000
2  0.07127499 0.9670508 0.00000000 0.0000000
3  0.39764256 0.1272125 1.02110675 0.0000000
4 -0.15358953 1.2883176 0.02751946 0.8411857


> lt
, , 1

          1          2         3         4
1 0.7071068  0.0000000 0.0000000 0.0000000
2 0.2500000  0.9682458 0.0000000 0.0000000
3 0.6123724 -0.1581139 1.0488088 0.0000000
4 0.0000000  1.0954451 0.1651446 0.8790491


> Tcrossprod(lt)
, , 1

          1         2         3       4
1 0.5000000 0.1767767 0.4330127 0.00000
2 0.1767767 1.0000000 0.0000000 1.06066
3 0.4330127 0.0000000 1.5000000 0.00000
4 0.0000000 1.0606602 0.0000000 2.00000


> Tcrossprod(op$par)
, , 1

            1          2         3           4
1  0.34288446 0.04173603 0.2328449 -0.08993641
2  0.04173603 0.94026744 0.1513629  1.23492152
3  0.23284492 0.15136293 1.2169616  0.13091668
4 -0.08993641 1.23492152 0.1309167  2.39170267


> Shat
            1          2         3          4
1  0.35390736 0.03987501 0.2731067 -0.1012558
2  0.03987501 1.10150397 0.1410296  1.3737381
3  0.27310666 0.14102960 1.2735470  0.1691507
4 -0.10125581 1.37373806 0.1691507  2.5220243

 *** Run successfully completed ***
> proc.time()
   user  system elapsed 
 20.451   0.199  20.655 
